 mat_code
2100312 9
2119442 6
149406 6
2157643 6
146985 6
149473 5
2145149 4
137579 4
2132589 4
146999 4
2157652 4
146979 4
2119838 4
2119449 4
2144815 4
2157638 4
2144794 4
2144826 4
2119700 4
138514 4
2107077 4
2119441 4
148823 4
2107081 4
2157654 4
2119496 4
2119480 3
2110509 3
2119484 3
2119487 3
147604 3
2144839 3
2119864 3
2119699 3
2144801 3
137248 3
2119453 3
2119865 3
2132228 2
2132230 2
2132232 2
2119485 2
2132233 2
2132235 2
146959 2
2144811 2
2144810 2
2144796 2
2144821 2
2144808 2
2144804 2
2144805 2
146983 2
146984 2
2132223 2
143525 2
146927 2
146997 2
2107041 2
2107036 2
2132153 2
136337 2
136932 2
146977 2
143441 2
137591 2
2144800 2
146930 2
2144840 2
146938 2
139602 2
2157649 2
138932 2
2119858 1
2107080 1
2107078 1
2107074 1
2131902 1
2144793 1
2119863 1
2157658 1
2144834 1
2144799 1
2107053 1
143528 1
2144802 1
2107035 1
2144832 1
2157628 1
2107039 1
2132635 1
2119452 1
2144803 1
120700 1
146998 1
2119481 1
146944 1
